temperature: 2624.500639888197
pressure: 2026500.0000000077
X:
  "H": 0.00105804361885816
  "H2": 0.012467233471664747
  "H2NN": 1.4718887173906546e-13
  "H2NO": 8.268441300861008e-10
  "H2O": 0.29214264756700886
  "H2O2": 6.966529158694505e-07
  "HNO": 5.406762636497755e-07
  "HNO2": 3.3586140274667666e-09
  "HNOH": 3.288772606522197e-10
  "HO2": 3.2799288985705145e-06
  "HONO": 2.2052522232508056e-07
  "HONO2": 1.765694201007505e-11
  "N": 1.6188623974205408e-07
  "N2": 0.6812201200286156
  "N2H2": 1.2451478400700438e-11
  "N2H3": 6.832126457456601e-15
  "N2H4": 4.1804260481872475e-16
  "N2O": 7.437576914216514e-07
  "NH": 7.396895973462636e-08
  "NH2": 7.778744954007223e-08
  "NH2OH": 6.735750996568702e-11
  "NH3": 2.0850311891817898e-07
  "NNH": 4.071766936891775e-08
  "NO": 0.0032063171770116473
  "NO2": 1.3790427178705425e-06
  "NO3": 1.7750958758672692e-12
  "O": 0.0003236921809773464
  "O2": 0.0031131402030693694
  "OH": 0.006461377691916458
  "AR": 0.0
  "HE": 0.0
