temperature: 1909.3250955820076
pressure: 2026500.0000000077
X:
  "H": 4.5222155781302966e-05
  "H2": 0.00896072609374523
  "H2NN": 9.46656098982048e-06
  "H2NO": 9.447291097902998e-05
  "H2O": 0.15836863951466384
  "H2O2": 1.2486009354373067e-06
  "HNO": 4.347090010474829e-05
  "HNO2": 7.073494377099627e-09
  "HNOH": 1.6050944306792545e-05
  "HO2": 5.678120440949951e-05
  "HONO": 4.194670556294029e-07
  "HONO2": 1.4704923741589994e-10
  "N": 1.1790122412556459e-06
  "N2": 0.6497098838190117
  "N2H2": 0.0003713973775921879
  "N2H3": 5.389285758122891e-06
  "N2H4": 1.2791559382812902e-05
  "N2O": 0.0027701153195170227
  "NH": 7.018634358001254e-05
  "NH2": 0.0016880268122622688
  "NH2OH": 5.894434810430754e-06
  "NH3": 0.09879894537498889
  "NNH": 5.812629766811129e-07
  "NO": 0.0013441316772619272
  "NO2": 3.0532546108302987e-05
  "NO3": 1.0935871404645234e-10
  "O": 2.163454115855215e-05
  "O2": 0.07748699905569222
  "OH": 8.580589478367417e-05
  "AR": 0.0
  "HE": 0.0
