temperature: 1130.45231191362
pressure: 5066249.999999997
X:
  "H2": 0.29213567915125593
  "O2": 0.14562913980271994
  "H2O": 0.003664121517133353
  "H": 4.2287448295979647e-07
  "O": 5.7905698246955214e-08
  "OH": 1.9368652817065248e-07
  "HO2": 0.00014424638676454384
  "H2O2": 0.0006610866539479466
  "N2": 0.5577650520214689
