temperature: 1100
pressure: 5066249.999999997
X:
  "H2": 0.2957746478873239
  "O2": 0.14788732394366194
  "H2O": 0.0
  "H": 0.0
  "O": 0.0
  "OH": 0.0
  "HO2": 0.0
  "H2O2": 0.0
  "N2": 0.5563380281690142
