temperature: 2974.6124646309536
pressure: 5066249.999999997
X:
  "H2": 0.02161150636464514
  "O2": 0.0070244296994336625
  "H2O": 0.31004526691480455
  "H": 0.003017384131026714
  "O": 0.0012184583942612798
  "OH": 0.0156537763856514
  "HO2": 1.5155346062926214e-05
  "H2O2": 3.259425108725815e-06
  "N2": 0.6414107633390056
