temperature: 1667.1857488140995
pressure: 2026500.0000000272
X:
  "H": 1.1004607641706091e-05
  "H2": 0.005075756282265728
  "H2NO": 8.28145817051844e-05
  "H2O": 0.10990652101569584
  "H2O2": 2.115505349859374e-06
  "HNNO": 1.082860444171519e-08
  "HNO": 5.213460379686198e-05
  "HNO3": 1.5868730521736948e-10
  "HNOH": 6.0226544642837475e-06
  "HO2": 3.695261909120473e-05
  "HONO": 1.8640812051451489e-07
  "N": 2.3492827984841716e-07
  "N2": 0.6407230284145004
  "N2H2": 0.00017126617426662524
  "N2H3": 4.197620696232904e-07
  "N2H4": 7.148660054006956e-05
  "N2O": 0.0009003804844207602
  "N2O3": 2.2731543991444184e-13
  "N2O4": 7.224175913601356e-16
  "NH": 1.080416043060296e-05
  "NH2": 0.000955516614303156
  "NH2OH": 3.2232942943692733e-06
  "NH3": 0.13648817518734913
  "NNH": 5.218996241571958e-09
  "NO": 0.0008649436787299268
  "NO2": 1.6396101905956242e-05
  "NO3": 9.476508398776606e-11
  "O": 6.031112527652298e-06
  "O2": 0.10454909772153353
  "O2X": 4.795817452158661e-05
  "O3": 4.037622948880211e-09
  "OH": 1.75089301902711e-05
  "OHX": 1.6472831456169578e-13
  "OX": 4.2936477361870416e-11
  "AR": 0.0
  "HE": 0.0
