temperature: 2620.6267227538915
pressure: 2026500.0000000272
X:
  "H": 0.001034726590658194
  "H2": 0.0123029242878111
  "H2NO": 1.667564579738679e-09
  "H2O": 0.29239537552172895
  "H2O2": 6.595115093599391e-07
  "HNNO": 4.998816664936948e-12
  "HNO": 5.271324632606348e-07
  "HNO3": 1.71131751950336e-11
  "HNOH": 3.1876042264387557e-10
  "HO2": 2.9595305755811017e-06
  "HONO": 2.2040825661569724e-07
  "N": 1.5667420492346016e-07
  "N2": 0.6813319731541568
  "N2H2": 1.8677786362845136e-11
  "N2H3": 6.59057356101099e-15
  "N2H4": 4.040371671282253e-16
  "N2O": 7.309745833782741e-07
  "N2O3": 1.1932824512304452e-13
  "N2O4": 1.8279822025881916e-18
  "NH": 7.169313932573305e-08
  "NH2": 7.57911364989271e-08
  "NH2OH": 6.543375733303671e-11
  "NH3": 2.078362794656884e-07
  "NNH": 3.97588065639698e-08
  "NO": 0.0031518949614759446
  "NO2": 1.3459335142882444e-06
  "NO3": 1.707923055639807e-12
  "O": 0.0003154345432592128
  "O2": 0.003047024588747248
  "O2X": 2.8930584816258546e-05
  "O3": 3.8325545790751596e-10
  "OH": 0.006384687982946646
  "OHX": 5.5491646245119446e-11
  "OX": 3.000680053267701e-08
  "AR": 0.0
  "HE": 0.0
